$sizeFactor = 1.5
001 = 185 82 36 38
008 = 73 165 50 48
010 = 228 47 36 44
016 = 204 123 36 50
039 = 281 235 36 44
099 = 281 188 36 44
100 = 272 141 36 44
101 = 267 47 36 44
102 = 267 0 36 44
103 = 243 94 36 44
104 = 242 270 36 44
105 = 242 223 36 44
117 = 233 176 36 44
118 = 125 273 36 44
149 = 228 0 36 44
158 = 146 82 36 44
159 = 203 300 36 44
194 = 189 35 36 44
200 = 203 243 36 54
201 = 194 186 36 54
202 = 116 216 36 54
203 = 165 129 36 54
204 = 164 269 36 54
205 = 155 212 36 54
221 = 150 35 36 44
3000 = 125 320 32 32
3001 = 73 259 40 40
3002 = 0 311 40 40
3003 = 73 216 40 40
3004 = 43 311 40 40
3005 = 160 326 18 18
3006 = 111 35 36 44
3007 = 86 302 36 44
3010 = 298 282 14 60
3011 = 281 282 14 60
302 = 320 0 32 200
3020 = 73 92 70 70
3021 = 0 165 70 70
3022 = 0 92 70 70
3023 = 0 238 70 70
316 = 126 165 36 44
332 = 0 0 200 32
403 = 0 35 108 54
