$sizeFactor = 1.5
001 = 238 223 36 38
008 = 0 92 50 48
010 = 238 129 36 44
016 = 248 47 36 50
039 = 238 176 36 44
099 = 228 0 36 44
100 = 170 92 36 44
101 = 209 82 36 44
102 = 199 233 36 44
103 = 199 186 36 44
104 = 199 139 36 44
105 = 189 35 36 44
117 = 160 243 36 44
118 = 53 92 36 44
149 = 160 196 36 44
158 = 160 149 36 44
159 = 121 253 36 44
194 = 43 186 36 44
200 = 150 35 36 54
201 = 131 92 36 54
202 = 121 149 36 54
203 = 111 35 36 54
204 = 92 92 36 54
205 = 82 233 36 54
221 = 82 186 36 44
3000 = 86 149 32 32
3001 = 0 186 40 40
3002 = 43 143 40 40
3003 = 0 229 40 40
3004 = 0 143 40 40
3005 = 0 280 18 18
3006 = 121 206 36 44
302 = 277 100 32 200
316 = 43 233 36 44
332 = 0 0 200 32
403 = 0 35 108 54
